shoulder_pan_joint: -1.32645
shoulder_lift_joint: -1.13446
elbow_joint: -1.88496
wrist_1_joint: -1.69297
wrist_2_joint: -4.71239
wrist_3_joint: 1.81514