shoulder_pan_joint: 1.25664
shoulder_lift_joint: -2.14675
elbow_joint: 1.93732
wrist_1_joint: 4.92183
wrist_2_joint: -1.5708
wrist_3_joint: -1.88496